This is report number: 1 for year 2014
 The itemized expenses for this period are: 
 
Invoice# 0 On: 83RDST  Cost: 135.0  Performed on: 2014-09-22 Description: 0

Building            LEASING        TRAVEL         UTILITY        REPAIR         LEGAL          CLEANING       MAINTENANCE    SUPPLIES       MANAGEFEE      RENT                                                                                 
 
82NDTER             0.00           0.00           0.00           0.00           0.00           0.00           0.00           0.00           0.00           0.00                                                                                 
82NDTERA1           0.00           0.00           0.00           0.00           0.00           0.00           0.00           0.00           0.00           0.00                                                                                 
82NDTERA2           0.00           0.00           0.00           0.00           0.00           0.00           0.00           0.00           0.00           0.00                                                                                 
82NDTERA3           0.00           0.00           0.00           0.00           0.00           0.00           0.00           0.00           0.00           0.00                                                                                 
82NDTER_TOT         0.00           0.00           0.00           0.00           0.00           0.00           0.00           0.00           0.00           0.00                                                                                 
83RDST              0.00           0.00           0.00           0.00           0.00           0.00           135.00         0.00           0.00           0.00                                                                                 
83RDSTA             0.00           0.00           0.00           0.00           0.00           0.00           0.00           0.00           120.00         1,200.00                                                                             
83RDSTB             0.00           0.00           0.00           0.00           0.00           0.00           0.00           0.00           40.00          400.00                                                                               
83RDSTC             0.00           0.00           0.00           0.00           0.00           0.00           0.00           0.00           0.00           0.00                                                                                 
83RDSTD             0.00           0.00           0.00           0.00           0.00           0.00           0.00           0.00           0.00           0.00                                                                                 
83RDST_TOT          0.00           0.00           0.00           0.00           0.00           0.00           0.00           0.00           160.00         1,600.00                                                                             
CEDAR_COVE          0.00           0.00           0.00           0.00           0.00           0.00           0.00           0.00           0.00           0.00                                                                                 
CEDAR_COVE1         0.00           0.00           0.00           0.00           0.00           0.00           0.00           0.00           0.00           0.00                                                                                 
CEDAR_COVE2         0.00           0.00           0.00           0.00           0.00           0.00           0.00           0.00           0.00           0.00                                                                                 
CEDAR_COVE3         0.00           0.00           0.00           0.00           0.00           0.00           0.00           0.00           0.00           0.00                                                                                 
CEDAR_COVE4         0.00           0.00           0.00           0.00           0.00           0.00           0.00           0.00           0.00           0.00                                                                                 
CEDAR_COVE5         0.00           0.00           0.00           0.00           0.00           0.00           0.00           0.00           0.00           0.00                                                                                 
CEDAR_COVE6         0.00           0.00           0.00           0.00           0.00           0.00           0.00           0.00           0.00           0.00                                                                                 
CEDAR_COVE7         0.00           0.00           0.00           0.00           0.00           0.00           0.00           0.00           0.00           0.00                                                                                 
CEDAR_COVE8         0.00           0.00           0.00           0.00           0.00           0.00           0.00           0.00           0.00           0.00                                                                                 
CEDAR_COVE_TOT      0.00           0.00           0.00           0.00           0.00           0.00           0.00           0.00           0.00           0.00                                                                                 
PORTFOLIO           0.00           0.00           0.00           0.00           0.00           0.00           0.00           0.00           0.00           0.00                                                                                 
WEST88              0.00           0.00           0.00           0.00           0.00           0.00           0.00           0.00           0.00           0.00                                                                                 
WEST89              0.00           0.00           0.00           0.00           0.00           0.00           0.00           0.00           0.00           0.00                                                                                 
WEST89A             0.00           0.00           0.00           0.00           0.00           0.00           0.00           0.00           0.00           0.00                                                                                 
WEST89B             0.00           0.00           0.00           0.00           0.00           0.00           0.00           0.00           0.00           0.00                                                                                 
WEST89_TOT          0.00           0.00           0.00           0.00           0.00           0.00           0.00           0.00           0.00           0.00                                                                                 
The total revenue for this report period is: 1,600.00
The total expenses for this report period is: 295.00
