This is report number: 1 for year 2014
 The itemized expenses for this period are: 
 
Invoice# 0 On: EVER8302  Cost: 123.0  Performed on: 2014-09-12 Description: 0
Invoice# 0 On: 82TERR8702  Cost: 400.0  Performed on: 2014-09-13 Description: 0
Invoice# 0 On: EVER8302 D Cost: 12.34  Performed on: 2014-09-11 Description: 0
Invoice# 0 On: EVER8302 D Cost: 1000.0  Performed on: 2014-09-11 Description: 0

Building            LEASING        TRAVEL         UTILITY        REPAIR         LEGAL          CLEANING       MAINTENANCE    SUPPLIES       MANAGEFEE      RENT                                                                                 
 
82TERR8702          0.00           0.00           0.00           0.00           0.00           0.00           400.00         0.00           0.00           0.00                                                                                 
82TERR8702A         0.00           0.00           0.00           0.00           0.00           0.00           0.00           0.00           0.00           0.00                                                                                 
82TERR8702B         0.00           0.00           0.00           0.00           0.00           0.00           0.00           0.00           0.00           0.00                                                                                 
82TERR8702C         0.00           0.00           0.00           0.00           0.00           0.00           0.00           0.00           0.00           0.00                                                                                 
82TERR8702D         0.00           0.00           0.00           0.00           0.00           0.00           0.00           0.00           0.00           0.00                                                                                 
82TERR8702_TOT      0.00           0.00           0.00           0.00           0.00           0.00           0.00           0.00           0.00           0.00                                                                                 
82TERR8704          0.00           0.00           0.00           0.00           0.00           0.00           0.00           0.00           0.00           0.00                                                                                 
82TERR8704A         0.00           0.00           0.00           0.00           0.00           0.00           0.00           0.00           0.00           0.00                                                                                 
82TERR8704B         0.00           0.00           0.00           0.00           0.00           0.00           0.00           0.00           0.00           0.00                                                                                 
82TERR8704C         0.00           0.00           0.00           0.00           0.00           0.00           0.00           0.00           0.00           0.00                                                                                 
82TERR8704D         0.00           0.00           0.00           0.00           0.00           0.00           0.00           0.00           0.00           0.00                                                                                 
82TERR8704_TOT      0.00           0.00           0.00           0.00           0.00           0.00           0.00           0.00           0.00           0.00                                                                                 
EVER8213            0.00           0.00           0.00           0.00           0.00           0.00           0.00           0.00           0.00           0.00                                                                                 
EVER8213A           0.00           0.00           0.00           0.00           0.00           0.00           0.00           0.00           47.70          530.00                                                                               
EVER8213B           0.00           0.00           0.00           0.00           0.00           0.00           0.00           0.00           63.00          700.00                                                                               
EVER8213C           0.00           0.00           0.00           0.00           0.00           0.00           0.00           0.00           49.50          550.00                                                                               
EVER8213D           0.00           0.00           0.00           0.00           0.00           0.00           0.00           0.00           36.45          405.00                                                                               
EVER8213_TOT        0.00           0.00           0.00           0.00           0.00           0.00           0.00           0.00           196.65         2,185.00                                                                             
EVER8215            0.00           0.00           0.00           0.00           0.00           0.00           0.00           0.00           0.00           0.00                                                                                 
EVER8215A           0.00           0.00           0.00           0.00           0.00           0.00           0.00           0.00           0.00           0.00                                                                                 
EVER8215B           0.00           0.00           0.00           0.00           0.00           0.00           0.00           0.00           0.00           0.00                                                                                 
EVER8215C           0.00           0.00           0.00           0.00           0.00           0.00           0.00           0.00           0.00           0.00                                                                                 
EVER8215D           0.00           0.00           0.00           0.00           0.00           0.00           0.00           0.00           0.00           0.00                                                                                 
EVER8215_TOT        0.00           0.00           0.00           0.00           0.00           0.00           0.00           0.00           0.00           0.00                                                                                 
EVER8302            0.00           0.00           0.00           0.00           0.00           0.00           123.00         0.00           0.00           0.00                                                                                 
EVER8302A           0.00           0.00           0.00           0.00           0.00           0.00           0.00           0.00           47.70          530.00                                                                               
EVER8302B           0.00           0.00           0.00           0.00           0.00           0.00           0.00           0.00           58.50          650.00                                                                               
EVER8302C           0.00           0.00           0.00           0.00           0.00           0.00           0.00           0.00           56.25          625.00                                                                               
EVER8302D           0.00           12.34          0.00           1,000.00       0.00           0.00           0.00           0.00           56.70          630.00                                                                               
EVER8302_TOT        0.00           12.34          0.00           1,000.00       0.00           0.00           0.00           0.00           219.15         2,435.00                                                                             
PORTFOLIO           0.00           0.00           0.00           0.00           0.00           0.00           0.00           0.00           0.00           0.00                                                                                 
The total revenue for this report period is: 4,620.00
The total expenses for this report period is: 1,951.14
